[gd_scene load_steps=7 format=3 uid="uid://bwqglsbh1qdd7"]

[ext_resource type="Script" path="res://CharacterBody3D.gd" id="1_d6btu"]

[sub_resource type="PanoramaSkyMaterial" id="PanoramaSkyMaterial_mavl7"]

[sub_resource type="Sky" id="Sky_wx10b"]
sky_material = SubResource("PanoramaSkyMaterial_mavl7")
process_mode = 1

[sub_resource type="Environment" id="Environment_ehsyk"]
background_mode = 1
background_color = Color(0.752941, 0.545098, 1, 1)
background_energy_multiplier = 0.74
sky = SubResource("Sky_wx10b")
sky_custom_fov = 20.8
ambient_light_color = Color(0.611765, 0.313726, 0.815686, 1)
reflected_light_source = 2
tonemap_exposure = 11.11

[sub_resource type="CameraAttributesPhysical" id="CameraAttributesPhysical_427vc"]

[sub_resource type="CapsuleShape3D" id="CapsuleShape3D_4jcft"]

[node name="Demo Scene" type="Node3D"]
transform = Transform3D(1, 0, 0, 0, 0.990095, 0.1404, 0, -0.1404, 0.990095, 0, 0, 0)

[node name="WorldEnvironment" type="WorldEnvironment" parent="."]
environment = SubResource("Environment_ehsyk")
camera_attributes = SubResource("CameraAttributesPhysical_427vc")

[node name="DirectionalLight3D" type="DirectionalLight3D" parent="."]
transform = Transform3D(1, 0, 0, 0, 1, 4.82549e-09, 0, 4.82549e-09, 1, 2.2209, 3.89895, -1.02837)
light_color = Color(0.901961, 0.580392, 0.921569, 1)
light_energy = 6.657
light_indirect_energy = 8.758
light_volumetric_fog_energy = 5.848
directional_shadow_split_1 = 0.48
directional_shadow_split_2 = 0.326
directional_shadow_fade_start = 0.85

[node name="Level" type="Node3D" parent="."]
transform = Transform3D(1, 0, 0, 0, 1, 4.82549e-09, 0, 4.82549e-09, 1, 0, 2.80528e-08, 1.17267)

[node name="CSGBox3D" type="CSGBox3D" parent="Level"]
transform = Transform3D(2.44961, 0.00493576, 0.47001, -0.00521149, 2.49429, 0.000967839, -0.470007, -0.00193242, 2.44961, 1.84413, 0.58236, 4.19156)
size = Vector3(1.18848, 0.50293, 1)

[node name="CSGTorus3D" type="CSGTorus3D" parent="Level"]
transform = Transform3D(0.99877, -0.037599, -0.0323322, 0.0330288, 0.0180555, 0.999291, -0.0369885, -0.99913, 0.0192752, -2.55187, -0.438635, -5.53914)
inner_radius = 2.2556

[node name="CharacterBody3D" type="CharacterBody3D" parent="."]
transform = Transform3D(1, 0, 0, 0, 1, 4.82549e-09, 0, 4.82549e-09, 1, 3.25128, 0.633766, 1.84631)
script = ExtResource("1_d6btu")

[node name="MeshInstance3D" type="MeshInstance3D" parent="CharacterBody3D"]

[node name="CollisionShape3D" type="CollisionShape3D" parent="CharacterBody3D"]
transform = Transform3D(0.58122, 0.0142732, 0.813621, -0.0146994, 0.999867, -0.00704004, -0.813614, -0.00786787, 0.581353, -7.48776, 0.168695, 1.09733)
shape = SubResource("CapsuleShape3D_4jcft")

[node name="Neck" type="Node3D" parent="CharacterBody3D"]
